track 1;
8500 7;
500 3;
375 24;
375 3;
750 22;
250 0;
250 18;
125 17;
250 19;
375 14;
250 18;
500 7;
500 18;
375 19;
375 12;
1000 7;
250 2;
125 8;
250 10;
375 19;
250 11;
500 22;
500 0;
375 11;
375 7;
500 17;
250 2;
250 8;
250 18;
375 14;
375 11;
250 24;
500 2;
500 18;
375 12;
375 19;
2250 22;
750 12;
250 3;
500 19;
500 0;
125 1;
250 6;
250 19;
250 11;
375 18;
250 14;
250 20;
250 1;
375 3;
375 8;
250 19;
375 16;
375 0;
250 8;
375 3;
1625 19;
625 12;
375 5;
375 14;
375 19;
250 0;
375 14;
375 20;
250 3;
375 24;
375 19;
250 22;
375 2;
375 11;
250 17;
375 3;
375 0;
250 11;
125 10;
2375 22;
500 8;
375 19;
375 11;
750 22;
250 0;
375 15;
250 7;
375 18;
250 25;
500 7;
500 18;
375 19;
375 12;
1000 7;
250 2;
125 8;
250 10;
375 19;
250 11;
500 22;
500 18;
375 11;
375 19;
250 18;
250 7;
250 2;
250 19;
250 21;
375 14;
375 11;
250 19;
500 2;
500 18;
375 12;
375 5;
2250 22;
750 12;
250 3;
500 19;
500 0;
125 1;
250 6;
250 19;
250 11;
375 18;
250 14;
250 20;
250 1;
375 3;
375 8;
250 19;
375 16;
375 0;
250 8;
375 3;
1625 19;
625 12;
375 5;
375 14;
375 19;
250 0;
375 14;
375 20;
250 3;
375 24;
375 19;
250 22;
375 2;
375 11;
250 17;
375 3;
375 0;
250 11;
125 10;
1125 7;
250 6;
125 14;
250 19;
125 17;
250 22;
250 2;
250 19;
250 18;
250 7;
250 6;
125 14;
250 19;
125 17;
250 22;
250 2;
250 19;
250 18;
250 7;
250 6;
125 14;
250 19;
125 17;
250 22;
250 2;
250 19;
250 18;
250 7;
250 6;
125 14;
250 19;
125 17;
250 22;
250 2;
250 19;
250 18;
250 7;
250 6;
125 14;
250 19;
125 17;
250 22;
250 2;
250 19;
250 18;
250 7;
250 6;
125 14;
250 19;
125 17;
250 22;
250 2;
250 19;
250 18;
250 7;
250 6;
125 14;
250 19;
125 17;
250 22;
250 2;
250 19;
250 18;
250 7;
250 6;
125 14;
250 19;
125 17;
250 22;
250 2;
250 19;
250 18;
250 7;
250 6;
125 14;
250 19;
125 17;
250 22;
250 2;
250 19;
250 18;
250 7;
250 6;
125 14;
250 19;
125 17;
250 22;
250 2;
250 19;
250 18;
250 7;
250 6;
125 14;
250 19;
125 17;
250 22;
250 2;
250 19;
250 18;
250 7;
250 6;
125 14;
250 19;
125 17;
250 22;
250 2;
250 19;
250 18;
250 7;
250 6;
125 14;
250 19;
125 17;
250 22;
250 2;
250 19;
250 18;
250 7;
250 6;
125 14;
250 19;
125 17;
250 22;
250 2;
250 19;
250 18;
250 7;
250 6;
125 14;
250 19;
125 17;
250 22;
250 2;
250 19;
250 18;
250 7;
250 6;
125 14;
250 19;
125 17;
250 22;
250 2;
250 19;
250 18;
250 7;
250 6;
125 14;
250 19;
625 8;
500 10;
375 19;
375 5;
500 19;
250 2;
375 17;
375 19;
250 22;
250 0;
250 1;
500 3;
500 6;
375 3;
375 11;
1000 19;
250 2;
375 3;
250 11;
375 17;
500 3;
375 18;
375 19;
500 12;
500 22;
250 7;
250 19;
250 2;
375 18;
375 12;
250 11;
500 2;
500 6;
375 11;
375 19;
2250 22;
750 12;
250 3;
500 19;
500 13;
125 19;
250 4;
375 19;
250 3;
250 1;
250 19;
250 0;
250 11;
375 8;
375 19;
250 5;
375 14;
375 0;
375 11;
250 1;
1625 19;
625 12;
375 5;
375 14;
375 19;
250 0;
375 14;
375 20;
250 3;
375 24;
375 19;
250 22;
375 2;
375 11;
250 17;
375 3;
375 0;
250 11;
125 10;
2375 8;
500 2;
375 12;
375 13;
750 13;
250 19;
375 8;
250 5;
375 19;
250 2;
500 8;
500 18;
375 19;
375 5;
1000 19;
250 22;
125 19;
250 3;
375 13;
250 18;
500 18;
500 11;
375 5;
375 19;
250 22;
250 19;
250 5;
250 0;
250 15;
375 14;
375 11;
250 18;
500 2;
500 11;
375 12;
375 1;
2250 22;
750 12;
250 3;
500 19;
500 13;
125 19;
250 4;
375 19;
250 3;
250 1;
250 19;
250 0;
250 11;
375 8;
375 19;
250 5;
375 14;
375 0;
375 11;
250 1;
1625 19;
625 12;
375 5;
375 14;
375 19;
250 0;
375 14;
375 20;
250 3;
375 24;
375 19;
250 22;
375 2;
375 11;
250 17;
375 17;
375 0;
250 0;
125 10;
250 11;
875 7;
250 6;
125 14;
250 19;
125 17;
250 22;
250 2;
250 19;
250 18;
250 7;
250 6;
125 14;
250 19;
125 17;
250 22;
250 2;
250 19;
250 18;
250 7;
250 6;
125 14;
250 19;
125 17;
250 22;
250 2;
250 19;
250 18;
250 7;
250 6;
125 14;
250 19;
125 17;
250 22;
250 2;
250 19;
250 18;
250 7;
250 6;
125 14;
250 19;
125 17;
250 22;
250 2;
250 19;
250 18;
250 7;
250 6;
125 14;
250 19;
125 17;
250 22;
250 2;
250 19;
250 18;
250 7;
250 6;
125 14;
250 19;
125 17;
250 22;
250 2;
250 19;
250 18;
250 7;
250 6;
125 14;
250 19;
125 17;
250 22;
250 2;
250 19;
250 18;
250 7;
250 6;
125 14;
250 19;
125 17;
250 22;
250 2;
250 19;
250 18;
250 7;
250 6;
125 14;
250 19;
125 17;
250 22;
250 2;
250 19;
250 18;
250 7;
250 6;
125 14;
250 19;
125 17;
250 22;
250 2;
250 19;
250 18;
250 7;
250 6;
125 14;
250 19;
125 17;
250 22;
250 2;
250 19;
250 18;
250 7;
250 6;
125 14;
250 19;
125 17;
250 22;
250 2;
250 19;
250 18;
250 7;
250 6;
125 14;
250 19;
125 17;
250 22;
250 2;
250 19;
250 18;
250 7;
250 6;
125 14;
250 19;
125 17;
250 22;
250 2;
250 19;
250 18;
250 7;
250 6;
125 14;
250 19;
125 17;
250 22;
250 2;
250 19;
250 18;
250 7;
250 6;
125 14;
250 19;
end;
