track 1;
3250 22;
500 17;
1500 14;
500 3;
1500 2;
500 19;
1500 22;
500 18;
1500 22;
500 19;
1500 0;
500 18;
1500 7;
500 8;
1500 12;
500 11;
2000 5;
1000 14;
500 17;
500 0;
1000 19;
500 8;
500 18;
1000 13;
1000 19;
1000 12;
500 19;
500 22;
1000 13;
500 8;
500 5;
1000 18;
500 11;
500 7;
1000 1;
500 8;
500 6;
1000 19;
2250 12;
500 8;
750 8;
750 1;
500 9;
750 17;
750 2;
500 8;
750 17;
750 2;
500 19;
250 3;
500 13;
750 22;
500 11;
750 13;
750 19;
500 13;
750 5;
750 22;
500 0;
750 8;
750 2;
500 19;
250 3;
500 13;
500 3;
500 13;
500 3;
500 13;
500 3;
500 13;
500 8;
500 8;
500 8;
500 8;
500 8;
500 8;
500 8;
500 8;
500 3;
500 13;
500 3;
500 13;
500 3;
500 13;
500 3;
500 13;
500 8;
500 8;
500 8;
500 8;
750 2;
500 19;
250 3;
500 13;
2000 1;
500 22;
1500 12;
500 5;
1500 13;
500 2;
1500 2;
500 22;
1500 14;
500 4;
1500 19;
500 1;
750 0;
750 2;
750 12;
1000 14;
750 5;
1000 14;
500 17;
500 0;
1000 19;
500 8;
500 18;
1000 13;
1000 19;
1000 12;
500 19;
500 22;
1000 13;
500 8;
500 5;
1000 18;
500 11;
500 7;
1000 1;
500 8;
500 6;
1000 19;
2250 12;
500 8;
750 8;
750 1;
500 9;
750 17;
750 2;
500 8;
750 17;
750 2;
500 19;
250 3;
500 13;
750 22;
500 11;
750 13;
750 19;
500 13;
750 5;
750 22;
500 0;
750 8;
750 2;
500 19;
250 3;
500 13;
500 3;
500 13;
500 3;
500 13;
500 3;
500 13;
500 8;
500 8;
500 8;
500 8;
500 8;
500 8;
500 8;
500 8;
500 3;
500 13;
500 3;
500 13;
500 3;
500 13;
500 3;
500 13;
500 8;
500 8;
500 8;
500 8;
750 2;
500 19;
250 3;
500 13;
2000 0;
500 3;
1500 17;
500 20;
1500 2;
500 18;
1500 11;
500 19;
1500 1;
500 18;
1500 4;
500 14;
1000 19;
750 11;
500 12;
1000 18;
2000 12;
750 12;
500 8;
750 1;
500 9;
750 17;
750 2;
500 8;
750 17;
750 2;
500 19;
250 3;
500 13;
750 22;
500 11;
750 13;
750 19;
500 13;
750 5;
750 22;
500 0;
750 8;
750 2;
500 19;
250 3;
500 13;
500 3;
500 13;
500 3;
500 13;
500 3;
500 13;
500 8;
500 8;
500 8;
500 8;
500 8;
500 8;
500 8;
500 8;
500 3;
250 18;
250 13;
500 3;
250 18;
250 13;
500 3;
250 18;
250 13;
500 3;
250 18;
250 13;
500 8;
500 8;
500 8;
500 8;
750 2;
500 19;
250 3;
500 13;
end;
