track 1;
3250 22;
250 8;
250 17;
1500 14;
250 0;
250 3;
1500 2;
250 8;
250 19;
1500 22;
250 8;
250 18;
1500 22;
250 8;
250 19;
1500 0;
250 19;
250 18;
1500 7;
250 2;
250 8;
1500 12;
250 1;
250 11;
1750 19;
250 5;
750 1;
250 14;
500 17;
500 0;
750 11;
250 19;
500 8;
500 18;
750 4;
250 13;
500 14;
500 19;
750 19;
250 12;
500 17;
500 22;
750 11;
250 13;
500 8;
500 5;
750 19;
250 18;
500 11;
500 7;
750 21;
250 1;
500 8;
500 6;
750 21;
250 19;
2250 12;
250 1;
250 8;
250 12;
250 18;
250 8;
750 1;
250 8;
250 9;
250 6;
250 13;
250 17;
750 2;
250 0;
250 8;
250 3;
250 5;
250 17;
750 2;
250 13;
250 19;
250 3;
250 18;
250 13;
750 22;
250 8;
250 11;
250 20;
250 0;
250 13;
750 19;
250 8;
250 13;
250 7;
250 19;
250 5;
750 22;
250 20;
250 0;
250 11;
250 21;
250 8;
750 2;
250 13;
250 19;
250 3;
250 18;
250 13;
500 3;
250 18;
250 13;
500 3;
250 18;
250 13;
500 3;
250 18;
250 13;
500 8;
250 13;
250 8;
500 8;
250 13;
250 8;
500 8;
250 13;
250 8;
500 8;
250 13;
250 8;
500 3;
250 18;
250 13;
500 3;
250 18;
250 13;
500 3;
250 18;
250 13;
500 3;
250 18;
250 13;
500 8;
250 13;
250 8;
500 8;
250 13;
250 8;
750 2;
250 13;
250 19;
250 3;
250 18;
250 13;
2000 1;
250 0;
250 22;
1500 12;
250 0;
250 5;
1500 13;
250 21;
250 2;
1500 2;
250 0;
250 22;
1500 7;
250 19;
250 17;
1500 19;
250 12;
250 1;
750 0;
250 8;
500 2;
375 18;
375 12;
1000 14;
500 19;
250 5;
750 1;
250 14;
500 17;
500 0;
750 11;
250 19;
500 8;
500 18;
750 4;
250 13;
500 14;
500 19;
750 19;
250 12;
500 17;
500 22;
500 11;
500 13;
500 8;
500 5;
750 19;
250 18;
500 11;
500 7;
750 21;
250 1;
500 8;
500 6;
750 21;
250 19;
2250 12;
250 1;
250 8;
250 12;
250 18;
250 8;
750 1;
250 8;
250 9;
250 6;
250 13;
250 17;
750 2;
250 0;
250 8;
250 3;
250 5;
250 17;
750 2;
250 13;
250 19;
250 3;
250 18;
250 13;
750 22;
250 8;
250 11;
250 20;
250 0;
250 13;
750 19;
250 8;
250 13;
250 7;
250 19;
250 5;
750 22;
250 20;
250 0;
250 11;
250 21;
250 8;
750 2;
250 13;
250 19;
250 3;
250 18;
250 13;
500 3;
250 18;
250 13;
500 3;
250 18;
250 13;
500 3;
250 18;
250 13;
500 8;
250 13;
250 8;
500 8;
250 13;
250 8;
500 8;
250 13;
250 8;
500 8;
250 13;
250 8;
500 3;
250 18;
250 13;
500 3;
250 18;
250 13;
500 3;
250 18;
250 13;
500 3;
250 18;
250 13;
500 8;
250 13;
250 8;
500 8;
250 13;
250 8;
750 2;
250 13;
250 19;
250 3;
250 18;
250 13;
2000 13;
250 0;
250 3;
1500 17;
250 19;
250 20;
1500 2;
250 3;
250 18;
1500 11;
250 8;
250 19;
1500 1;
250 8;
250 18;
1500 4;
250 17;
250 14;
750 8;
250 19;
750 11;
500 12;
1000 18;
2000 12;
250 1;
250 8;
250 12;
250 18;
250 8;
750 1;
250 8;
250 9;
250 6;
250 13;
250 17;
750 2;
250 0;
250 8;
250 3;
250 5;
250 17;
750 2;
250 13;
250 19;
250 3;
250 18;
250 13;
750 22;
250 8;
250 11;
250 20;
250 0;
250 13;
750 19;
250 8;
250 13;
250 7;
250 19;
250 5;
750 22;
250 20;
250 0;
250 11;
250 21;
250 8;
750 2;
250 13;
250 19;
250 3;
250 18;
250 13;
500 3;
250 18;
250 13;
500 3;
250 18;
250 13;
500 3;
250 18;
250 13;
500 8;
250 13;
250 8;
500 8;
250 13;
250 8;
500 8;
250 13;
250 8;
500 8;
250 13;
250 8;
500 3;
250 18;
250 13;
500 3;
250 18;
250 13;
500 3;
250 18;
250 13;
500 3;
250 18;
250 13;
500 8;
250 13;
250 8;
500 8;
250 13;
250 8;
750 2;
250 13;
250 19;
250 3;
250 18;
250 13;
end;
