3250 144 22 100;
3375 128 22 64;
3500 144 8 100;
3625 128 8 64;
3750 144 17 100;
3875 128 17 64;
5250 144 14 100;
5375 128 14 64;
5500 144 0 100;
5625 128 0 64;
5750 144 3 100;
5875 128 3 64;
7250 144 2 100;
7375 128 2 64;
7500 144 8 100;
7625 128 8 64;
7750 144 19 100;
7875 128 19 64;
9250 144 22 100;
9375 128 22 64;
9500 144 8 100;
9625 128 8 64;
9750 144 18 100;
9875 128 18 64;
11250 144 22 100;
11375 128 22 64;
11500 144 8 100;
11625 128 8 64;
11750 144 19 100;
11875 128 19 64;
13250 144 0 100;
13375 128 0 64;
13500 144 19 100;
13625 128 19 64;
13750 144 18 100;
13875 128 18 64;
15250 144 7 100;
15375 128 7 64;
15500 144 2 100;
15625 128 2 64;
15750 144 8 100;
15875 128 8 64;
17250 144 12 100;
17375 128 12 64;
17500 144 1 100;
17625 128 1 64;
17750 144 11 100;
17875 128 11 64;
19500 144 19 100;
19625 128 19 64;
19750 144 5 100;
19875 128 5 64;
20500 144 1 100;
20625 128 1 64;
20750 144 14 100;
20875 128 14 64;
21250 144 17 100;
21375 128 17 64;
21750 144 0 100;
21875 128 0 64;
22500 144 11 100;
22625 128 11 64;
22750 144 19 100;
22875 128 19 64;
23250 144 8 100;
23375 128 8 64;
23750 144 18 100;
23875 128 18 64;
24500 144 4 100;
24625 128 4 64;
24750 144 13 100;
24875 128 13 64;
25250 144 14 100;
25375 128 14 64;
25750 144 19 100;
25875 128 19 64;
26500 144 19 100;
26625 128 19 64;
26750 144 12 100;
26875 128 12 64;
27250 144 17 100;
27375 128 17 64;
27750 144 22 100;
27875 128 22 64;
28500 144 11 100;
28625 128 11 64;
28750 144 13 100;
28875 128 13 64;
29250 144 8 100;
29375 128 8 64;
29750 144 5 100;
29875 128 5 64;
30500 144 19 100;
30625 128 19 64;
30750 144 18 100;
30875 128 18 64;
31250 144 11 100;
31375 128 11 64;
31750 144 7 100;
31875 128 7 64;
32500 144 21 100;
32625 128 21 64;
32750 144 1 100;
32875 128 1 64;
33250 144 8 100;
33375 128 8 64;
33750 144 6 100;
33875 128 6 64;
34500 144 21 100;
34625 128 21 64;
34750 144 19 100;
34875 128 19 64;
37000 144 12 100;
37125 128 12 64;
37250 144 1 100;
37375 128 1 64;
37500 144 8 100;
37625 128 8 64;
37750 144 12 100;
37875 128 12 64;
38000 144 18 100;
38125 128 18 64;
38250 144 8 100;
38375 128 8 64;
39000 144 1 100;
39125 128 1 64;
39250 144 8 100;
39375 128 8 64;
39500 144 9 100;
39625 128 9 64;
39750 144 6 100;
39875 128 6 64;
40000 144 13 100;
40125 128 13 64;
40250 144 17 100;
40375 128 17 64;
41000 144 2 100;
41125 128 2 64;
41250 144 0 100;
41375 128 0 64;
41500 144 8 100;
41625 128 8 64;
41750 144 3 100;
41875 128 3 64;
42000 144 5 100;
42125 128 5 64;
42250 144 17 100;
42375 128 17 64;
43000 144 2 100;
43125 128 2 64;
43250 144 13 100;
43375 128 13 64;
43500 144 19 100;
43625 128 19 64;
43750 144 3 100;
43875 128 3 64;
44000 144 18 100;
44125 128 18 64;
44250 144 13 100;
44375 128 13 64;
45000 144 22 100;
45125 128 22 64;
45250 144 8 100;
45375 128 8 64;
45500 144 11 100;
45625 128 11 64;
45750 144 20 100;
45875 128 20 64;
46000 144 0 100;
46125 128 0 64;
46250 144 13 100;
46375 128 13 64;
47000 144 19 100;
47125 128 19 64;
47250 144 8 100;
47375 128 8 64;
47500 144 13 100;
47625 128 13 64;
47750 144 7 100;
47875 128 7 64;
48000 144 19 100;
48125 128 19 64;
48250 144 5 100;
48375 128 5 64;
49000 144 22 100;
49125 128 22 64;
49250 144 20 100;
49375 128 20 64;
49500 144 0 100;
49625 128 0 64;
49750 144 11 100;
49875 128 11 64;
50000 144 21 100;
50125 128 21 64;
50250 144 8 100;
50375 128 8 64;
51000 144 2 100;
51125 128 2 64;
51250 144 13 100;
51375 128 13 64;
51500 144 19 100;
51625 128 19 64;
51750 144 3 100;
51875 128 3 64;
52000 144 18 100;
52125 128 18 64;
52250 144 13 100;
52375 128 13 64;
52750 144 3 100;
52875 128 3 64;
53000 144 18 100;
53125 128 18 64;
53250 144 13 100;
53375 128 13 64;
53750 144 3 100;
53875 128 3 64;
54000 144 18 100;
54125 128 18 64;
54250 144 13 100;
54375 128 13 64;
54750 144 3 100;
54875 128 3 64;
55000 144 18 100;
55125 128 18 64;
55250 144 13 100;
55375 128 13 64;
55750 144 8 100;
55875 128 8 64;
56000 144 13 100;
56125 128 13 64;
56250 144 8 100;
56375 128 8 64;
56750 144 8 100;
56875 128 8 64;
57000 144 13 100;
57125 128 13 64;
57250 144 8 100;
57375 128 8 64;
57750 144 8 100;
57875 128 8 64;
58000 144 13 100;
58125 128 13 64;
58250 144 8 100;
58375 128 8 64;
58750 144 8 100;
58875 128 8 64;
59000 144 13 100;
59125 128 13 64;
59250 144 8 100;
59375 128 8 64;
59750 144 3 100;
59875 128 3 64;
60000 144 18 100;
60125 128 18 64;
60250 144 13 100;
60375 128 13 64;
60750 144 3 100;
60875 128 3 64;
61000 144 18 100;
61125 128 18 64;
61250 144 13 100;
61375 128 13 64;
61750 144 3 100;
61875 128 3 64;
62000 144 18 100;
62125 128 18 64;
62250 144 13 100;
62375 128 13 64;
62750 144 3 100;
62875 128 3 64;
63000 144 18 100;
63125 128 18 64;
63250 144 13 100;
63375 128 13 64;
63750 144 8 100;
63875 128 8 64;
64000 144 13 100;
64125 128 13 64;
64250 144 8 100;
64375 128 8 64;
64750 144 8 100;
64875 128 8 64;
65000 144 13 100;
65125 128 13 64;
65250 144 8 100;
65375 128 8 64;
66000 144 2 100;
66125 128 2 64;
66250 144 13 100;
66375 128 13 64;
66500 144 19 100;
66625 128 19 64;
66750 144 3 100;
66875 128 3 64;
67000 144 18 100;
67125 128 18 64;
67250 144 13 100;
67375 128 13 64;
69250 144 1 100;
69375 128 1 64;
69500 144 0 100;
69625 128 0 64;
69750 144 22 100;
69875 128 22 64;
71250 144 12 100;
71375 128 12 64;
71500 144 0 100;
71625 128 0 64;
71750 144 5 100;
71875 128 5 64;
73250 144 13 100;
73375 128 13 64;
73500 144 21 100;
73625 128 21 64;
73750 144 2 100;
73875 128 2 64;
75250 144 2 100;
75375 128 2 64;
75500 144 0 100;
75625 128 0 64;
75750 144 22 100;
75875 128 22 64;
77250 144 7 100;
77375 128 7 64;
77500 144 19 100;
77625 128 19 64;
77750 144 17 100;
77875 128 17 64;
79250 144 19 100;
79375 128 19 64;
79500 144 12 100;
79625 128 12 64;
79750 144 1 100;
79875 128 1 64;
80500 144 0 100;
80625 128 0 64;
80750 144 8 100;
80875 128 8 64;
81250 144 2 100;
81375 128 2 64;
81625 144 18 100;
81750 128 18 64;
82000 144 12 100;
82125 128 12 64;
83000 144 14 100;
83125 128 14 64;
83500 144 19 100;
83625 128 19 64;
83750 144 5 100;
83875 128 5 64;
84500 144 1 100;
84625 128 1 64;
84750 144 14 100;
84875 128 14 64;
85250 144 17 100;
85375 128 17 64;
85750 144 0 100;
85875 128 0 64;
86500 144 11 100;
86625 128 11 64;
86750 144 19 100;
86875 128 19 64;
87250 144 8 100;
87375 128 8 64;
87750 144 18 100;
87875 128 18 64;
88500 144 4 100;
88625 128 4 64;
88750 144 13 100;
88875 128 13 64;
89250 144 14 100;
89375 128 14 64;
89750 144 19 100;
89875 128 19 64;
90500 144 19 100;
90625 128 19 64;
90750 144 12 100;
90875 128 12 64;
91250 144 17 100;
91375 128 17 64;
91750 144 22 100;
91875 128 22 64;
92250 144 11 100;
92375 128 11 64;
92750 144 13 100;
92875 128 13 64;
93250 144 8 100;
93375 128 8 64;
93750 144 5 100;
93875 128 5 64;
94500 144 19 100;
94625 128 19 64;
94750 144 18 100;
94875 128 18 64;
95250 144 11 100;
95375 128 11 64;
95750 144 7 100;
95875 128 7 64;
96500 144 21 100;
96625 128 21 64;
96750 144 1 100;
96875 128 1 64;
97250 144 8 100;
97375 128 8 64;
97750 144 6 100;
97875 128 6 64;
98500 144 21 100;
98625 128 21 64;
98750 144 19 100;
98875 128 19 64;
101000 144 12 100;
101125 128 12 64;
101250 144 1 100;
101375 128 1 64;
101500 144 8 100;
101625 128 8 64;
101750 144 12 100;
101875 128 12 64;
102000 144 18 100;
102125 128 18 64;
102250 144 8 100;
102375 128 8 64;
103000 144 1 100;
103125 128 1 64;
103250 144 8 100;
103375 128 8 64;
103500 144 9 100;
103625 128 9 64;
103750 144 6 100;
103875 128 6 64;
104000 144 13 100;
104125 128 13 64;
104250 144 17 100;
104375 128 17 64;
105000 144 2 100;
105125 128 2 64;
105250 144 0 100;
105375 128 0 64;
105500 144 8 100;
105625 128 8 64;
105750 144 3 100;
105875 128 3 64;
106000 144 5 100;
106125 128 5 64;
106250 144 17 100;
106375 128 17 64;
107000 144 2 100;
107125 128 2 64;
107250 144 13 100;
107375 128 13 64;
107500 144 19 100;
107625 128 19 64;
107750 144 3 100;
107875 128 3 64;
108000 144 18 100;
108125 128 18 64;
108250 144 13 100;
108375 128 13 64;
109000 144 22 100;
109125 128 22 64;
109250 144 8 100;
109375 128 8 64;
109500 144 11 100;
109625 128 11 64;
109750 144 20 100;
109875 128 20 64;
110000 144 0 100;
110125 128 0 64;
110250 144 13 100;
110375 128 13 64;
111000 144 19 100;
111125 128 19 64;
111250 144 8 100;
111375 128 8 64;
111500 144 13 100;
111625 128 13 64;
111750 144 7 100;
111875 128 7 64;
112000 144 19 100;
112125 128 19 64;
112250 144 5 100;
112375 128 5 64;
113000 144 22 100;
113125 128 22 64;
113250 144 20 100;
113375 128 20 64;
113500 144 0 100;
113625 128 0 64;
113750 144 11 100;
113875 128 11 64;
114000 144 21 100;
114125 128 21 64;
114250 144 8 100;
114375 128 8 64;
115000 144 2 100;
115125 128 2 64;
115250 144 13 100;
115375 128 13 64;
115500 144 19 100;
115625 128 19 64;
115750 144 3 100;
115875 128 3 64;
116000 144 18 100;
116125 128 18 64;
116250 144 13 100;
116375 128 13 64;
116750 144 3 100;
116875 128 3 64;
117000 144 18 100;
117125 128 18 64;
117250 144 13 100;
117375 128 13 64;
117750 144 3 100;
117875 128 3 64;
118000 144 18 100;
118125 128 18 64;
118250 144 13 100;
118375 128 13 64;
118750 144 3 100;
118875 128 3 64;
119000 144 18 100;
119125 128 18 64;
119250 144 13 100;
119375 128 13 64;
119750 144 8 100;
119875 128 8 64;
120000 144 13 100;
120125 128 13 64;
120250 144 8 100;
120375 128 8 64;
120750 144 8 100;
120875 128 8 64;
121000 144 13 100;
121125 128 13 64;
121250 144 8 100;
121375 128 8 64;
121750 144 8 100;
121875 128 8 64;
122000 144 13 100;
122125 128 13 64;
122250 144 8 100;
122375 128 8 64;
122750 144 8 100;
122875 128 8 64;
123000 144 13 100;
123125 128 13 64;
123250 144 8 100;
123375 128 8 64;
123750 144 3 100;
123875 128 3 64;
124000 144 18 100;
124125 128 18 64;
124250 144 13 100;
124375 128 13 64;
124750 144 3 100;
124875 128 3 64;
125000 144 18 100;
125125 128 18 64;
125250 144 13 100;
125375 128 13 64;
125750 144 3 100;
125875 128 3 64;
126000 144 18 100;
126125 128 18 64;
126250 144 13 100;
126375 128 13 64;
126750 144 3 100;
126875 128 3 64;
127000 144 18 100;
127125 128 18 64;
127250 144 13 100;
127375 128 13 64;
127750 144 8 100;
127875 128 8 64;
128000 144 13 100;
128125 128 13 64;
128250 144 8 100;
128375 128 8 64;
128750 144 8 100;
128875 128 8 64;
129000 144 13 100;
129125 128 13 64;
129250 144 8 100;
129375 128 8 64;
130000 144 2 100;
130125 128 2 64;
130250 144 13 100;
130375 128 13 64;
130500 144 19 100;
130625 128 19 64;
130750 144 3 100;
130875 128 3 64;
131000 144 18 100;
131125 128 18 64;
131250 144 13 100;
131375 128 13 64;
133250 144 13 100;
133375 128 13 64;
133500 144 0 100;
133625 128 0 64;
133750 144 3 100;
133875 128 3 64;
135250 144 17 100;
135375 128 17 64;
135500 144 19 100;
135625 128 19 64;
135750 144 20 100;
135875 128 20 64;
137250 144 2 100;
137375 128 2 64;
137500 144 3 100;
137625 128 3 64;
137750 144 18 100;
137875 128 18 64;
139250 144 11 100;
139375 128 11 64;
139500 144 8 100;
139625 128 8 64;
139750 144 19 100;
139875 128 19 64;
141250 144 1 100;
141375 128 1 64;
141500 144 8 100;
141625 128 8 64;
141750 144 18 100;
141875 128 18 64;
143250 144 4 100;
143375 128 4 64;
143500 144 17 100;
143625 128 17 64;
143750 144 14 100;
143875 128 14 64;
144500 144 8 100;
144625 128 8 64;
144750 144 19 100;
144875 128 19 64;
145500 144 11 100;
145625 128 11 64;
146000 144 12 100;
146125 128 12 64;
147000 144 18 100;
147125 128 18 64;
149000 144 12 100;
149125 128 12 64;
149250 144 1 100;
149375 128 1 64;
149500 144 8 100;
149625 128 8 64;
149750 144 12 100;
149875 128 12 64;
150000 144 18 100;
150125 128 18 64;
150250 144 8 100;
150375 128 8 64;
151000 144 1 100;
151125 128 1 64;
151250 144 8 100;
151375 128 8 64;
151500 144 9 100;
151625 128 9 64;
151750 144 6 100;
151875 128 6 64;
152000 144 13 100;
152125 128 13 64;
152250 144 17 100;
152375 128 17 64;
153000 144 2 100;
153125 128 2 64;
153250 144 0 100;
153375 128 0 64;
153500 144 8 100;
153625 128 8 64;
153750 144 3 100;
153875 128 3 64;
154000 144 5 100;
154125 128 5 64;
154250 144 17 100;
154375 128 17 64;
155000 144 2 100;
155125 128 2 64;
155250 144 13 100;
155375 128 13 64;
155500 144 19 100;
155625 128 19 64;
155750 144 3 100;
155875 128 3 64;
156000 144 18 100;
156125 128 18 64;
156250 144 13 100;
156375 128 13 64;
157000 144 22 100;
157125 128 22 64;
157250 144 8 100;
157375 128 8 64;
157500 144 11 100;
157625 128 11 64;
157750 144 20 100;
157875 128 20 64;
158000 144 0 100;
158125 128 0 64;
158250 144 13 100;
158375 128 13 64;
159000 144 19 100;
159125 128 19 64;
159250 144 8 100;
159375 128 8 64;
159500 144 13 100;
159625 128 13 64;
159750 144 7 100;
159875 128 7 64;
160000 144 19 100;
160125 128 19 64;
160250 144 5 100;
160375 128 5 64;
161000 144 22 100;
161125 128 22 64;
161250 144 20 100;
161375 128 20 64;
161500 144 0 100;
161625 128 0 64;
161750 144 11 100;
161875 128 11 64;
162000 144 21 100;
162125 128 21 64;
162250 144 8 100;
162375 128 8 64;
163000 144 2 100;
163125 128 2 64;
163250 144 13 100;
163375 128 13 64;
163500 144 19 100;
163625 128 19 64;
163750 144 3 100;
163875 128 3 64;
164000 144 18 100;
164125 128 18 64;
164250 144 13 100;
164375 128 13 64;
164750 144 3 100;
164875 128 3 64;
165000 144 18 100;
165125 128 18 64;
165250 144 13 100;
165375 128 13 64;
165750 144 3 100;
165875 128 3 64;
166000 144 18 100;
166125 128 18 64;
166250 144 13 100;
166375 128 13 64;
166750 144 3 100;
166875 128 3 64;
167000 144 18 100;
167125 128 18 64;
167250 144 13 100;
167375 128 13 64;
167750 144 8 100;
167875 128 8 64;
168000 144 13 100;
168125 128 13 64;
168250 144 8 100;
168375 128 8 64;
168750 144 8 100;
168875 128 8 64;
169000 144 13 100;
169125 128 13 64;
169250 144 8 100;
169375 128 8 64;
169750 144 8 100;
169875 128 8 64;
170000 144 13 100;
170125 128 13 64;
170250 144 8 100;
170375 128 8 64;
170750 144 8 100;
170875 128 8 64;
171000 144 13 100;
171125 128 13 64;
171250 144 8 100;
171375 128 8 64;
171750 144 3 100;
171875 128 3 64;
172000 144 18 100;
172125 128 18 64;
172250 144 13 100;
172375 128 13 64;
172750 144 3 100;
172875 128 3 64;
173000 144 18 100;
173125 128 18 64;
173250 144 13 100;
173375 128 13 64;
173750 144 3 100;
173875 128 3 64;
174000 144 18 100;
174125 128 18 64;
174250 144 13 100;
174375 128 13 64;
174750 144 3 100;
174875 128 3 64;
175000 144 18 100;
175125 128 18 64;
175250 144 13 100;
175375 128 13 64;
175750 144 8 100;
175875 128 8 64;
176000 144 13 100;
176125 128 13 64;
176250 144 8 100;
176375 128 8 64;
176750 144 8 100;
176875 128 8 64;
177000 144 13 100;
177125 128 13 64;
177250 144 8 100;
177375 128 8 64;
178000 144 2 100;
178125 128 2 64;
178250 144 13 100;
178375 128 13 64;
178500 144 19 100;
178625 128 19 64;
178750 144 3 100;
178875 128 3 64;
179000 144 18 100;
179125 128 18 64;
179250 144 13 100;
179375 128 13 64;
